    {"Motor":98.92999999999996,
     "Lenckung":100,
     "Radiator":98.60000000000008,
     "Bremse":100,
     "Getriebe":99.70000000000002,
     "Federgabel":99.88999999999994,
     "Kette_ritzerl":100,"Tank":99.9,
     "Gashebel":98,
     "Reifen":99.00000000000006}